spawns:
  default:
    world: 7f50a057-7a68-4fad-aae6-ebb7b00ecadb
    world-name: spawn
    x: 0.5
    y: 100.0
    z: 0.5
    yaw: -134.8887176513672
    pitch: 0.14994700253009796
