world: 7f50a057-7a68-4fad-aae6-ebb7b00ecadb
world-name: spawn
x: 35.204291377360654
y: 99.0
z: -31.07305592317414
yaw: -166.3883056640625
pitch: -1.9500528573989868
name: AFK
lastowner: 4ed22cb6-e12d-4a0d-9a64-d65335862bf5
