world: 7f50a057-7a68-4fad-aae6-ebb7b00ecadb
world-name: spawn
x: 59.5
y: 112.0
z: -64.5
yaw: -131.2925567626953
pitch: 0.14989925920963287
name: Crates
lastowner: 4ed22cb6-e12d-4a0d-9a64-d65335862bf5
